K = 2; SSWC = 0.727066243820438
K = 3; SSWC = 0.6661549233124618
K = 4; SSWC = 0.6203791751375972
