K = 2; SSWC = 0.7694521649662185
K = 3; SSWC = 0.6661549233124618
K = 4; SSWC = 0.5718862372684054
